"CD45RA"	" CXCR5"	" PD1"	" IgG4"	" dump"	" CD8"	" CD127"	" Tox"	" Tim3"	" Eomes"	" TCF1"	" CD38"	" CCR7"	" CTLA-4"	" CD226"	" CD39"	" FoxP3"	" Ki67"	" CD27"	" CD4"	" CD73"	"TIGIT"	" T-bet"	" CD28"	" CD3"
"1"	-1.11484611593275	0.567364034440247	-0.567014116678833	-0.147331031578791	-0.262107365485083	-0.493009877611486	-0.487309912901203	-0.257608737724462	-0.374561103659441	-0.273623793592657	-0.0427558719877794	-1.03239705382133	1.5554022266258	-0.0501570532156848	-0.3010900341948	-0.377038014566502	0.619559299388777	-0.393476338921836	-0.917323647587555	-1.24672809417712	-2.33470347897429	-0.26297984893741	-0.34083547155392	-0.642855055944543	-0.629959110123991
"2"	-1.29493934015339	0.207849296124503	-0.350751980029688	-0.0716131085503164	-0.171521732064725	-0.241034488898457	-0.30106246663076	0.165492706141808	-0.278175594725714	-0.171354239639504	0.10827678035637	0.612360452733358	0.169640992560373	0.0631972155818339	-0.0634634066268509	-0.265155804673411	0.180240922867743	-0.0600444543276133	-0.725429895759046	-0.747882656833279	-1.68327130866432	-0.0765755297592658	-0.258937138036237	-0.376576459669873	-0.301444973860336
"3"	2.75509211181048	-0.605498139864304	0.461353572224992	0.00616969303171233	-0.0992401240034817	0.325342802497337	0.383536104600288	0.00122238291094923	-0.0284234470510438	0.0580145867508191	-0.0603810215412035	0.430267764660268	0.441714478678879	-0.0331886160942405	0.034729311374496	0.175870725640769	-0.216634298503069	0.128404380051695	1.25109861246246	1.35582046992464	3.22114021929678	-0.0971807536036258	0.521118411069176	-0.0470540770200643	-0.180987827368208
"4"	3.82627176392098	4.39791154897844	-0.523323503280984	0.0749292354097153	1.15401223237731	-4.18431781362358	-2.04559496189973	-1.22943799671849	-1.13056955250204	-0.271801123898362	-2.59586684637798	2.07022284554342	4.68592446142974	-0.911581328723032	-2.09781389774144	0.479307148762226	0.459662844234987	-0.888143157223254	-2.30602312204496	2.97130935387195	10.5502788622663	-1.64466677068343	-0.667335387146589	0.462591756502023	-1.04036809979146
"5"	1.09598352895177	-0.442766796468188	0.458326181206649	0.127324520275757	0.12024514357364	0.515086402506953	0.608618666245437	0.312075300992262	0.450688757097087	0.12644689811111	0.101939242139519	0.974390816156729	0.323837408456194	0.0300739994069881	0.260146741153138	0.38485697585024	-0.349380353127127	0.280337523157176	1.29046119015185	3.84839857443201	9.91695479297889	0.23833880071994	0.795782284626511	0.616476071127068	0.398262537116505
"6"	0.743357549711515	-0.483839707467213	0.368413270915342	0.0631708652421243	0.0614677299005282	0.380001204946986	0.192401677116023	-0.0123400108410558	0.0014963720267902	0.356600088612162	-0.055683412492233	-0.0292501191545578	-0.0936394111261023	-0.0223611753960009	0.158397217286459	0.157330241887007	0.111874451082472	0.281797849768016	1.55593778934778	0.450766258973757	1.49200008709078	0.325200529591007	0.23644805796205	0.0140431898345894	0.555797152284918
"7"	-0.953966715044854	0.449696206788389	0.449968178566533	-0.0215831287412016	-0.0107537334914118	0.449781880506354	0.450225258527464	0.249876061410243	0.170548625958035	-0.261195725886405	0.0970170472383245	1.85252372809277	2.67774994912314	0.0363290478107481	0.0658034985019618	0.182967841034648	-0.239306622443231	-0.154867504048953	-0.594749064655476	-0.938696818805477	-2.45885182982651	0.202491364773556	0.0761150496025373	-0.365944764426165	-0.4697094061451
"8"	0.536167277600948	-0.412614995285571	0.285768514455442	0.0831469449519371	0.177932986221886	0.488239569098459	0.506556053209025	0.393078369095277	0.317471468672656	-0.0728831950500917	0.0916606665352386	1.53675181863399	3.41287731559861	0.00154640572426334	0.184262978795096	0.335475972328212	-0.378651355520461	-0.0964443786375537	-0.691629132757918	2.77822581621948	8.12723289004638	-0.13985187789183	0.69919178111501	0.41751212612281	-0.281158029722451
"9"	-1.05937780318745	0.517749749171427	-0.400528083835594	-0.101117585036378	-0.154852770332258	-0.961763828933934	-0.501422993175279	-0.287107888647864	-0.367641791857209	-0.0298270297268597	-0.421593408327542	-0.862692712109982	-0.235681468987523	-0.292248292225424	-0.474107640480509	-0.55433430696386	0.631183090968341	-0.570155536106248	-1.52051000900073	-1.63596663998731	-3.00072303027663	-0.262075325190518	-0.324401718198386	-0.612031857666187	-0.334667149491255
"10"	-1.5244646061645	-0.402544588306531	-0.495546709678369	-0.0925560116677364	-0.18741726766209	-0.634130996565649	-0.32432318003424	-0.337522251604398	-0.2924282737203	-0.140108380957749	-0.00540509876559181	-0.564134716208304	-0.410355898474196	0.0377621172278726	-0.193456552689878	-0.304169438766209	0.605974922115774	-0.0762297866932466	0.984001139636284	-1.0603653862471	-2.61507401079543	-0.210841906051609	-0.395088619063135	-0.529454505675419	-0.308776007074093
"11"	-1.9544527628782	0.507315789350437	-0.475030357974551	-0.0643065204934936	-0.305072496191261	-0.379585769914003	-0.364617068287044	-0.210854972983993	0.208753531020533	-0.200586371268412	0.0846731827146545	-0.43604052819083	0.556348559138069	0.124223205370524	-0.0829888113737445	-0.241540019577735	0.351644530668903	0.084560279424335	0.762586778501294	-1.06906436416931	-2.95018270261581	0.166106478187037	-0.532978028196345	0.30804369614382	0.276731960441415
"12"	-1.89745553695219	0.552722571536324	-0.251549077722188	-0.0258775393684003	-0.262223707290508	-0.270188218402542	-0.0903336282012486	-0.24857000113954	0.377572851816302	0.14278454537373	0.100659060439265	-0.257335398622183	0.721342403410468	0.151928665513848	-0.0380434530147005	-0.126065569222274	0.156355630014206	0.130712858169841	1.00374491105893	-1.09331609764278	-2.58152000845905	0.219339684207353	-0.395283873953195	0.371342855712894	0.355204067184863
"13"	0.665942473936038	-0.414908490731088	-0.0619630689630923	0.170287770914719	0.283340734889499	0.401493427452007	0.556250608016606	0.461555287231437	0.492045523560802	0.138690142207471	0.158501606745224	1.46059886662133	2.56818939095209	0.0513980564759415	0.240047655471175	0.394945731581344	-0.256123702909999	0.103741772042874	0.656874348911664	4.52681793625461	11.1368909810582	-0.139773855884544	0.984103280347663	0.813704293871285	0.185080092854354
"14"	-1.4250793760387	0.711372892111469	-0.350987640577124	-0.00109178504022189	-0.0924741610215265	-0.343647550683886	-0.182592627411044	-0.0550853136065008	0.122869933870288	0.0797468131880601	-0.0448178117284415	-0.642533831118143	0.709878565040947	0.0075886721582008	-0.0748797384793303	-0.127262875695174	0.146719902187601	0.0462132124781478	-0.127329054635056	-0.94492799603831	-2.81558518458984	0.087774570353703	-0.336025859985844	0.47990322101489	0.563963425864093
"15"	-1.85880381030961	1.80409765845297	-0.239027727433849	-0.007254301369646	0.205979440709694	-0.298412570980275	-0.140923332736039	-0.0619636785283726	-0.0545988997633695	-0.184632715140157	0.000365432846306746	-0.18377869546761	-0.43372978343309	0.0376461664092722	-0.17841233411407	-0.0630064402296968	0.43956361094827	-0.298612016578443	-1.8338304679742	-1.11520039191771	-2.32949956813692	-0.0595435748232775	-0.542016312241202	0.311720015101145	-0.1245346546059
"16"	-1.85841140217392	1.51962925527348	-0.430568577477957	-0.0639676953082253	0.184196935448539	-0.71234948830989	-0.425320032238538	-0.149403208866137	-0.122074981973571	0.150839633553567	-0.0961456373924396	-0.723276333010292	-0.297227103186531	0.0230707237855747	-0.154155117665289	-0.167727696829574	0.445193333422131	-0.238466304439409	-1.04616099515469	-1.13922915357817	-4.24581367306842	-0.106538662490574	-0.371453229403715	-0.231102288570309	0.242197969153994
"17"	0.516038373915455	-0.422239816511135	0.416412164388897	0.00151704771368366	-0.154489324319137	0.372592831697177	0.294513228512687	-0.0163810196014145	-0.0735754971642388	0.135048834976397	0.00845421441791849	-0.0112883463261095	-0.397838189938134	0.0372443119181862	0.0872157236361817	0.190674228261664	-0.117582407754834	0.223302905630514	1.91654950713798	-0.25898811139431	0.582321897362715	0.269736073818838	0.165397471355907	-0.339857751613788	0.297578208052752
"18"	-1.98971874247748	-0.341799297467625	-0.258125687577645	-0.068207230329469	-0.33740496314059	-0.304236130347395	-0.118431923805134	-0.147502046017092	-0.107671840044732	-0.131289204898388	-0.00772180139039946	-0.323390486402992	0.076847560536613	0.0359159568591934	-0.0767465485656507	-0.104075338793477	-0.134346199668256	0.171126296093606	1.98551965671645	-0.842620724965846	-2.24051352566951	0.126825611553814	-0.345387486125328	-0.323960034293089	-0.115770119148118
"19"	1.33243208788451	-0.739825055616095	0.523224704318033	-0.0624802442396251	-0.0949214686233812	0.326917703308578	0.389394300439575	-0.0820911487802412	-0.0456624010443361	0.148215608404207	-0.147194299714188	-0.192578065157438	-0.55470270153587	-0.0956966442773695	-0.0152907647751315	-0.250332489574165	0.0940250468051458	0.185704588720733	2.31442159918953	-0.593153029445243	-0.444931157481831	-0.120531787567966	0.183991950985075	-0.528968089941996	0.137099261746174
"20"	1.11721982260778	-0.665647178665602	0.356819538952519	0.0107917859442757	-0.106620675118655	0.350195371663626	0.443432486232207	0.186348087535104	0.0869611180443139	0.173773860261725	-0.0330839827631255	0.55653864715354	0.145965634994663	-0.0397604667864866	0.104003077671317	0.198488410032888	-0.146519511740232	0.190194051100474	2.02196683227545	1.43960324938037	4.63459207935375	0.0263090324249595	0.417783934377741	0.126307253395478	0.175624824293773
