" CD4"	" CD73"	" TCF1"	" CD127"	" CD226"	"TIGIT"	" Tox"	" Ki67"	" CD3"	" CTLA-4"	" PD1"	" T-bet"	" Tim3"	" IgG4"	" CD28"	" Eomes"	" CD39"	" dump"	" CD8"	" CD27"	" CD38"	" FoxP3"	"CD45RA"	" CXCR5"	" CCR7"
"5"	3.68163609642454	5.6356310766624	0.072789908335959	0.302756629154651	0.135262410384523	0.0975647374588186	0.245890331537784	0.0762262228334061	0.046553604645437	-0.00949477007313538	0.26812700489175	0.366966223088333	0.268792773361961	0.0459215689136082	0.178515851774604	-0.0275206164338365	0.223573491119038	0.0318684388562868	0.273700905865003	0.688768769980541	1.78082195298614	1.56449194628469	0.464524195314151	-0.208021127901912	5.97924242146858
"9"	3.03909593985829	4.67485751266624	0.00254446247015193	0.240463045183904	0.055905619258116	-0.102921611445257	0.147844411750578	0.0630229722572957	-0.0308329749431363	0.00106399448883476	0.117060213458585	0.237382474725162	-0.0995937441254227	0.0488660539457489	0.0366037485611529	0.0235640849519104	0.134925898564289	0.0920998672314372	0.208026596351548	0.325023144711077	1.4359131371653	2.66537734170267	0.284946173004867	-0.231862994992305	5.40036399429114
"19"	2.74395916226894	4.97656688110568	0.0218990398777207	0.217122105751241	0.0473306677040742	-0.0709546200823464	0.281509214800261	-0.196423110013445	-0.064596540923113	-0.00383776179495432	-0.0484136557827429	0.355873976734109	0.119944197345466	0.0492324593318219	0.143905203372718	0.0890581656005817	0.160191328238197	0.0826629795571754	0.0571787679407263	-1.4591489796409	0.477842468387159	-0.0363211324145121	0.0941956018539859	1.58805640863449	5.22290443809461
"3"	2.69132293151115	3.99887692024126	-0.0213809773248281	0.126215802061511	0.0407295973876513	0.04662398057883	-0.0567801916847365	0.148357041840819	0.123018309377214	0.00626574556336837	0.167921320158735	0.0453254281345065	0.248573422434487	-0.00512288296681749	0.106441200044418	0.0923309690489276	0.104516946299923	-0.1198142216384	0.167315076188941	1.0374049157614	0.865926644280514	-0.147024718248937	0.269467384212984	-0.889612257403499	2.6238013112151
"7"	3.03357558751646	3.23387921778618	-0.0936305720698122	0.19358936333565	0.0169438160230604	0.0347391433173617	0.130777344812957	-0.0177715945235673	0.135408592038757	-0.124593105792891	0.162890581007848	0.194427995683572	-0.128433018970528	0.0645845363239172	-0.0871448464519007	0.141732409243546	0.0268302978685851	0.00997861664426425	0.10316000420351	0.217898157582393	-0.0360166714553989	-0.503404061449906	0.438148258381691	-0.245398609944004	3.74266813201491
"1"	3.7750472094016	10	-1.41267518486141	-1.35777332048969	-1.15858783046376	-1.06012550470552	-0.924173482999241	-0.479114372103037	-0.540358047796257	-0.512823196906823	-0.305997062934232	-0.349758974507893	-1.35439640431411	0.0525859220523609	0.255567490495229	-0.1357053516698	0.291990322070462	0.78064021003128	-2.75788836778965	-1.18465952596508	1.41346450910587	1.02682041741792	1.98551522471482	3.25455813727733	6.22157030315849
"14"	-0.262002270017573	1.09594805010889	0.023208270587106	-0.128391114102269	-0.0117543376092648	-0.0269186101032871	0.0570448460434794	0.0902388567743634	0.0638285009610554	0.013000428671212	-0.0748677254276121	-0.100366909643993	0.221686951568923	-0.00650894171187857	-0.0825292643557514	-0.0644655755571343	-0.113452264236385	-0.112735619152912	-0.12742824713812	0.792233174862907	-0.467856059663267	-0.225659267987444	-0.073347276847491	-0.0206868893852172	-1.12716524284088
"15"	-0.906034929775087	-0.475221736290286	-0.675767361013969	-0.856314288560815	0.111458430928197	-0.0773163543120909	-0.387146602683355	0.0223989272249131	-0.0643271321089549	0.30035591206579	-0.15752585223415	0.20599634165245	0.550853166096315	-0.324082944849629	-0.168414458547485	0.17118152800403	0.226982994741077	0.0643778462652278	-0.396403007734034	-0.279126698610499	0.622224292276289	2.25818664152327	-1.18873509214908	-0.63503698924877	0.8822935393909
"18"	-0.886471284059389	-4.46171013313293	0.0585330018520123	-0.112445236613986	0.0126044927773671	0.146613680190052	0.165669261022615	-0.054772270082374	-0.103463050867963	0.0273142475994975	0.144025359346337	-0.0943316740405512	-0.107428055534018	-0.0289475679750705	-0.163560527855551	-0.127089025391905	-0.0354867426084379	-0.0707608915695075	0.140171453467819	-0.302929957811849	1.25568365365945	0.0852018634161308	-0.654366400780544	0.577014121303292	4.67421352216568
"20"	-1.61863658547657	-4.97768916351058	0.0230870894641091	-0.0526344369322359	-0.0574986115848764	0.0886593134917105	0.145325935973268	-0.248886458699927	-0.0729684323185498	0.0218620609034417	-0.12296392383226	-0.293602733903484	-0.0330776547189694	0.00670753281850495	-0.128280885652727	-0.0838792647865523	-0.0775812476635696	0.145406952949165	-0.0954657440782824	-1.33588007572929	-0.160051641077673	0.425201606572375	-1.05225064064494	1.96521191794604	1.38567897856407
"8"	-1.11423850847578	-2.16698155005329	-0.0824465429358981	-0.095729757623313	-0.0676567480575326	0.010037081147697	-0.110450991274386	0.0357174664719284	0.0950675929654835	-0.0251969923880638	-0.0401751553587853	-0.0106333550177999	-0.0625538575478128	-0.0457381511397157	-0.106731891174542	0.136582938552489	-0.0700533174602929	-0.0900021040567438	-0.141966363119826	0.487874566179155	-0.212266530793276	0.0166669761301226	-0.0683516823479342	-0.479932712696159	1.46816543486002
"10"	-0.748427847696365	-3.84901453252317	0.0106158820125139	-0.155817633161055	-0.120747967922321	0.0820188873874736	-0.123345568255754	-0.0385809154956449	0.0802815887279489	0.0482719707027165	-0.180711378463301	-0.294535835169459	-0.110059776969964	-0.0705573256239635	-0.110453094624675	-0.0922145580429325	-0.211157166214635	-0.121813860497694	-0.158079420472931	0.194800193455939	-0.400899893529158	0.863367106760127	-0.778420259952296	0.513395379480013	2.80161351441657
"16"	-2.04996769860506	-4.10184621133588	0.0248411606741152	-0.0730250211489784	-0.047500188746521	0.104503071483671	-0.127845704649883	0.0480796865311047	0.0598524119844321	0.0469645526590028	-0.099533060517647	-0.219285182391811	0.0547906453339139	-0.0864732075811899	0.133082488707835	-0.135671574310284	-0.0520729714255219	-0.159710712929717	-0.10411780731145	0.365746481926574	-0.494821422599482	-0.0980514030837236	-0.870149474642181	0.11475357864638	2.61074565824013
