" CD73"	" CD4"	" CXCR5"	" TCF1"	" CD226"	"TIGIT"	" Tox"	" CD127"	" Tim3"	" CD8"	" CD27"	" CTLA-4"	" Ki67"	" CD3"	" Eomes"	" IgG4"	" T-bet"	" PD1"	" CD39"	" CD28"	" dump"	"CD45RA"	" CD38"	" FoxP3"	" CCR7"
"18"	6.0700117709975	4.36417378598577	2.85033740581144	6.44466906567131	6.41573044505598	4.43845691832331	4.22715805956194	5.26837269675898	3.77593745504057	6.97189677342187	5.92277395108468	4.82686395420706	5.86259723867127	7.42913041665145	4.34040071792709	3.89672337208851	4.80767490569343	3.93790715622504	5.68309286681502	6.66626977838455	4.08830802774602	5.83346767559352	3.94426156967223	2.6866831607324	3.77285588827218
"16"	5.89412641716945	4.19898267229048	2.97243319321187	6.34662923444207	6.28351765765358	4.37386296937847	4.1755158557089	5.20183248573315	3.51571747871689	6.88277854186462	5.76934341218728	4.8250698777397	5.81672001905738	7.41948979016835	4.46035995622633	3.90274392392813	4.80704236151064	3.89841595582709	5.51008931617613	6.55282559782542	4.19724792759579	5.78384853745364	3.76245943404063	2.91947511836966	3.71642919359883
"17"	5.93812669277675	4.29069607230197	1.88190710279796	6.29658976668186	6.42665582333611	4.46874019725112	3.95044821706741	5.07358264638002	3.770770279523	6.9573689888981	6.39099560700323	4.75980782482466	6.0185738688651	7.48020739991674	4.43871278477248	3.81884556934151	4.89732226341896	4.10468076230727	5.65555197186298	6.43278660451565	4.03142177884872	5.8922750743441	3.83907090599033	0.839608797579746	3.51141450286837
"8"	5.73088227637754	3.97495267534607	2.33975531991576	6.2473856642896	6.34535111307881	4.46398983455535	3.96100220632605	5.1007116622489	3.97885400549651	6.84484462363449	6.60743207538034	4.79160097769706	6.12736232188694	7.59008832997801	4.6789417999707	3.75252323419489	4.66941648430959	3.93318641040752	5.53087876478962	6.38037255280401	3.88458480626189	6.03948651257018	3.62041302403273	0.750330464585529	3.90377176606908
"14"	5.49175620968893	3.86540433951862	2.64506015269089	6.3981118470342	6.31887164006799	4.46919663389891	4.14182530208507	5.13520560230458	3.8184143892257	6.82425903664789	6.21781900631052	4.8144464243137	5.96789447669208	7.54706842574894	4.41957680410871	3.83605946983502	4.57849267238837	3.76795364883036	5.59419852925269	6.63611869195363	3.93994270665542	5.44196109550624	3.59039407576577	2.76161470889963	3.40322065691424
"10"	5.29494467361184	3.6467367245699	2.6988089993463	6.27449914874779	6.18160249866937	4.41533764211997	4.01039259861759	5.06012896849271	3.62578728814072	6.69530082228849	6.14809873481862	4.86083367235145	5.95144415934009	7.53992523952727	4.54955427278513	3.81191111238098	4.51311249273391	3.68328557102861	5.37529362082428	6.52548016421534	4.08914182026021	5.49481337850047	3.47685407122589	2.94081298195435	3.51784192023566
"7"	5.3329810416857	3.98967312779821	2.61118543710377	6.1930187597935	6.20328308817969	4.4956607224903	4.2544495094763	5.33929168283252	3.34646005054229	6.81087454455	6.01607402402236	4.61423966813856	5.80458943357459	7.62443133317667	4.70499033801056	3.89288068405169	4.84933196238477	3.94820130926774	5.49852898076533	6.35357429111004	4.09426659147553	5.63034162140317	3.2830235839332	1.85391268189059	3.06670047885064
"5"	6.76017286220508	4.87082202613666	6.50505580928628	3.64475667373599	4.01712431476217	2.42818526556111	2.29205992959134	2.49081057687958	1.04393061275021	1.50605257542589	3.68413785525003	3.85303987568293	4.91230684721859	6.40879060281313	4.32805474668648	3.9034974247206	4.36501759037862	3.21232605337045	6.00549341735377	6.68879738265313	5.23907489284923	7.89944405810278	5.66726619231466	2.90944830741576	5.28459458367197
"20"	2.98751365786101	3.21963017686406	2.77549495191322	6.28692846648828	6.19675445458902	4.42384015525296	4.10102179133442	5.19246426352785	3.28866240814545	6.83660679514232	6.15017669161577	4.7802377256311	5.93020643385564	7.35217404772724	4.55022355411819	3.86142350706976	4.41578998693761	4.03688195033971	5.45169124727719	6.23884633752016	4.17553522538473	5.54417006327736	3.56835745418179	2.41774404270829	3.50627323755021
"9"	3.17350010299601	5.9541090353213	3.59291026428612	6.39242700375636	6.08742158967137	4.51191382254882	3.98894119625602	4.92961874036955	3.60108673812083	6.56023001571444	6.07205173605661	4.97419954170412	5.9034038431453	7.55795806443081	4.31383922057043	3.8136282767751	4.14253985984895	3.52275289535449	5.15641743972725	6.10267619353321	4.04181235335432	4.88398632492395	3.3624309688676	3.17643994097951	3.51852537822035
"4"	2.75949023774614	2.80152619997641	1.51434932082271	6.14989737824298	5.95137444728763	4.3829872251246	3.796090616144	4.89623583961571	3.42951506052441	6.43656058708708	6.33379839206832	4.79039963550612	5.93376615193182	7.52001611879708	4.59634011245666	3.71213216728176	4.35674172595343	3.63617969968901	5.15170617224088	6.16918619148669	3.78940592252557	5.4459883951615	2.8455234739618	3.27909853695446	4.20422000413626
"19"	2.14720232527312	1.65504130460645	3.1574357659915	6.38120180132441	6.22573114795625	4.44466150326598	4.06151558044606	5.07504838502162	3.5862864180358	6.74006484804698	6.04154805611866	4.82303114009073	5.87800491821324	7.45460913389327	4.27412496181737	3.78206940404621	4.40830155112769	3.72562550970762	5.42385734542249	6.37483971297011	3.98080631036599	5.19242145333445	3.55693575769416	1.72189914075459	2.74542946184448
"13"	3.16552171574604	2.84255190997873	2.75425730203985	6.26869395659647	6.10482747551537	4.32210756481186	3.95790020630302	4.96339703952898	3.66254889344774	6.60554481160429	6.30075991089106	4.85200190574326	5.9623921245209	7.51189897681081	4.37000213153549	3.7595031671108	4.02060311178949	3.63561019104321	5.20401315130747	6.33286936017652	3.97882632930235	5.16136841580233	3.20012925851575	2.03810975647377	3.72292772191727
"11"	3.02005329626397	2.89290136539254	3.20826130762417	6.32529838958696	6.2216444187686	4.51047433850924	3.99769718449997	4.96180391299813	3.48266929920023	6.76984785459445	5.54114711484814	4.89642778675511	5.80936026553404	7.2787342805843	4.34940725432344	3.77187234650384	4.39829877628139	3.94539008569754	5.48687172473489	6.2042289049063	4.10922659308924	5.07835750122164	3.72805653694475	3.02519610732344	3.45298688230788
"1"	3.34775529978483	1.86833948878806	3.79800403996965	6.42319580222293	6.17709468352531	4.53791315430155	4.12113852532771	5.08422781074493	3.5934548970775	6.71688096944133	3.85344125107081	4.88384113431897	5.42224981459257	7.22623785298902	4.30338882202647	3.82581614530417	4.47351795170904	3.70365670142588	5.43784116873646	6.42518266567192	4.12260292960467	4.92403300169747	3.66591501190948	2.1292719587788	3.60664288320374
"15"	3.08967002446976	2.70720845613446	3.15339938128331	6.29539888387415	6.3315986127457	4.49767534589525	4.02351718359879	4.96746381570301	3.60093966455679	6.71990609281206	5.60590174369622	4.80377130069465	5.76399181586242	7.29162669293665	4.42627318048955	3.69433619477894	4.59320851511239	3.83449663617074	5.60265342068003	6.13846621939833	3.89542495420237	5.02807398850312	3.64845638117896	2.1266043733075	3.51559651071114
"6"	3.31192210728635	2.90179650660096	3.4248948283382	6.45058429782667	6.14800889102756	4.53120903675902	4.07594837469949	5.08200734544552	3.52819802397257	6.72005447772738	5.74608682394414	4.85975566448267	5.72343152172531	7.30505477462374	4.27278209718602	3.76254224198866	4.3922261526195	3.82762371897509	5.24931368351769	6.18477465492853	3.99220959209441	4.98905687283195	3.61288396286486	2.29777455350858	3.36648006747903
"2"	3.15141033312221	1.07661281559776	3.90489343521846	6.08173052497755	5.94696475273381	4.25626715425119	4.02879968352279	4.95155772484324	3.42605620009046	5.90892919368428	3.99159907828747	4.6706811095678	5.21651010486131	7.42761019162009	4.56714614110158	3.88044078825894	4.36145110655526	3.25823596487543	5.24055369446543	6.44489101259023	4.11799831845401	4.88113431081183	0.478773008099581	3.09255983133012	1.98660963724235
"12"	3.0582703836047	2.21751362686977	3.24678944052592	6.36445213459566	6.08412488301808	4.47765395472305	3.94320637641179	4.95081581170233	3.55251523420413	6.62224146489115	5.91732844167258	4.91241716409834	5.8028563509371	7.48095416607622	4.33602448358416	3.69549251911054	4.19430977195288	3.59928716448079	5.22575947730641	6.42438826726088	3.89129352588473	4.91829561616046	3.32197539579629	2.6404835226832	3.77259307532677
"3"	3.1135526616003	2.33776252769019	2.70902527239113	6.20677303012208	6.0053606053646	4.44573568412085	3.75070259310533	4.77707387182689	3.34747884244795	6.43445341839548	6.09669841969214	4.83689790819487	5.74644605786903	7.55858012629586	4.50776184432683	3.6291711037571	4.49824643044247	3.59888773334374	5.20495480496797	6.25760202708339	3.90236682876939	4.86703311337877	3.31517274030848	2.10880969043564	3.90289580119199
