"CD45RA"	" CXCR5"	" PD1"	" IgG4"	" dump"	" CD8"	" CD127"	" Tox"	" Tim3"	" Eomes"	" TCF1"	" CD38"	" CCR7"	" CTLA-4"	" CD226"	" CD39"	" FoxP3"	" Ki67"	" CD27"	" CD4"	" CD73"	"TIGIT"	" T-bet"	" CD28"	" CD3"
"1"	-1.24553536824859	1.09830134188562	0.274141029821514	-0.0550994361793684	-0.134687833961975	0.266805420792888	-0.214030731141973	0.315338507278398	-0.204480918565176	-0.241904040080671	0.111413000315235	2.39009582414208	8.897000600365	0.0519905383309602	0.0239916681759915	-0.0675462446880233	0.162175096702539	-0.104254740930289	-0.576603529928567	-1.68732889695388	-8.49251698599045	0.27906769651983	-0.179552978611761	-0.311324698289056	-0.19693384166613
"2"	-2.00287696254298	3.74062749399377	-0.234052231240812	0.0127672651731059	0.276770785406178	-0.181711592410362	-0.100185542394522	0.276616575916222	-0.0629607339283431	-0.159657633444688	0.0439444727650544	-0.304645806188523	2.63753177849814	0.0416127265176831	-0.1094441191796	-0.147669849433844	0.809338069604877	-0.473735947657353	-2.54274345393455	-3.08094840008196	-9.47464279630619	0.168756083055065	-0.558849887242167	-0.24417265305819	-0.138889715471329
"3"	-0.139610816461999	-0.0393758792590815	-0.142504871657811	-0.0123892625023885	-0.214583451639423	-0.242549722197121	-0.24438246430817	0.108580411889574	0.421963808852265	-0.122705191304346	0.0441751315740593	-0.890527491730822	-2.14547106047039	0.0247453012457131	-0.0223734641711593	-0.215947529619104	-0.429524803101421	0.171762620404594	1.50795401171973	-0.498700870764524	2.08605157071856	-0.0512374732378449	-0.191040578511195	-0.157088012997019	0.12149256953666
"4"	0.884185548006204	-0.395951980168508	0.510358825540065	0.0874081220844136	0.0606590859173484	0.520968310979753	0.576273612358511	0.46803305346265	0.511626063857502	-0.0523833452992992	0.138549909004903	3.38965558798861	11.3810212480165	-0.0180725537334618	0.257461440452198	0.425554689634753	2.97788830556289	0.145090665434161	1.31101759279287	7.00770694468364	10.726983873272	0.185706862476274	0.698491562622896	0.339790990052471	0.0886111527673012
"5"	3.77927325368246	6.19479738440859	-0.582441525130501	0.10009319810744	1.48588770803508	-5.24942524504007	-2.58441553648995	-1.75909208984446	-2.57798784013011	-0.258304544615571	-2.6889169500347	2.69041936712445	11.8422734562557	-0.976118927628095	-2.20528150336523	0.555780787172518	1.95447251755019	-0.911956810708386	-2.25490694076295	7.18550770716412	19.0342194642465	-2.01786615162099	-0.665738908037303	0.486452770201292	-1.02852936710257
"6"	0.542372799247179	-0.441333113232102	0.222814979350224	0.0930127195155093	0.175304908551114	0.395962388935558	0.457702637507144	0.281410297982292	-0.18956891829493	0.044852396444881	0.00484318570754105	2.7331485784399	10.2791713454152	0.00202523046092296	0.106411982624358	0.256820916468334	5.07333772769984	0.119959308523448	0.618656186739018	5.78468190921631	8.89822638601706	-0.195903253986293	0.451839012088467	0.069672378332708	-0.0586881611803269
"7"	0.512910132956637	-1.69330749455019	0.319625126062735	-0.00975100786800542	-0.228057018960317	0.318471187985743	0.24024192762947	-0.108076662974926	0.473140107559687	0.175744792822384	-0.0406970214760856	1.64822377871738	4.99420099882458	0.0119263576160282	0.0775256095366954	0.19893984936056	-0.279850075381927	0.282386049346454	1.97461928398906	5.12272313275424	7.61155009103822	0.0887451078634216	0.0862734146423128	0.202602516168322	0.234155749880647
"8"	0.833981010791447	-0.467097099789519	0.3100495067562	0.122931623838604	0.0189935179156508	0.196357015994219	0.368482242767451	0.248924468212126	-0.244462226954076	0.269776578273806	-0.178218485733975	-0.0685549228853723	7.12387666066132	-0.237153251939396	0.0322512312744747	0.0510693777921754	-0.958190338483052	-0.033826843039118	0.414752135227823	5.77417434941687	6.15543667522078	0.0661232477902574	0.370078513983467	-0.165873413254354	0.257739685821031
"9"	-1.48166220633478	0.977208032495267	-0.343970003735697	-0.134300362073682	-0.231863175450021	-0.300891838206266	-0.296586702598697	-0.234778661612221	-0.209490194903232	-0.175523213558767	0.0202065028032736	-0.763081655662703	5.33265264874038	0.0918819284327181	-0.229834332129524	-0.401921184317773	1.64335189882838	-0.0734357612675653	0.370786963391802	-1.42457399062062	-7.32629873331201	0.156116550274649	-0.56062597267006	-0.210238844359124	0.152809737878616
"10"	-0.130102092256104	-0.913514458152983	-0.0764702724109316	-0.0870590006682224	-0.171311980086001	-0.270221891216367	-0.182214121586126	-0.210234840796023	-0.119066385290028	0.259974962747977	-0.15693055923103	-0.404032773203345	2.79453830969464	-0.0479605082953354	-0.128779339076431	-0.133341021873775	0.0317242881466111	0.067985409553355	0.928631156367807	-2.12086603058427	-4.12468023986873	0.0191048005345715	-0.0202397613050049	-0.20315582404503	0.180953742844267
"11"	-1.6562616067038	0.218424480026286	-0.189453411784102	-0.164595001087771	-0.30399687606955	-0.198180119450226	-0.138997427893089	-0.243344319986711	0.104289716787341	-0.258240252048177	0.0472832104017717	-0.941853955336919	4.96935058242713	0.089393360235162	-0.0904129017194411	-0.099116836626882	-0.186633192507289	0.0915159305205222	0.696169880526647	-3.90195350698649	-7.8075440995155	0.198913439730804	-0.417392228690305	0.253312129691303	0.113924394517618
"12"	-2.26266446288168	-1.20874334212754	-0.299838164271726	-0.616866589688713	0.122538205444787	-0.754522184549699	-1.62992740988366	-0.736903340031241	1.04850600560523	0.325830677225376	-1.28627042563146	1.18435537351723	1.67937688606532	0.571704034764416	0.212152423542785	0.432044413655356	4.29828201259837	0.0426346096562682	-0.531295883968283	-1.72456676956121	-0.904547482272957	-0.147165645615178	0.392097957584463	-0.320563776494508	-0.122441675006742
"13"	0.179293975825555	3.02274142035519	-0.0921516149235213	0.0937101435686487	0.15734252944598	0.108835321767901	0.413274981140845	0.535830817571586	0.228304417573649	0.169515266912468	0.0416831131088822	0.909535841261843	9.94139093154797	-0.00730488002566609	0.090090231646867	0.304911689795498	-0.069134440556778	-0.373876058384574	-2.77737619095162	5.22291208955569	9.47250661934662	-0.135056581064961	0.677378337477117	0.273912322304334	-0.122954473656171
