"CD45RA"	" CXCR5"	" PD1"	" IgG4"	" dump"	" CD8"	" CD127"	" Tox"	" Tim3"	" Eomes"	" TCF1"	" CD38"	" CCR7"	" CTLA-4"	" CD226"	" CD39"	" FoxP3"	" Ki67"	" CD27"	" CD4"	" CD73"	"TIGIT"	" T-bet"	" CD28"	" CD3"
"1"	-1.66502970621068	0.854295941257145	-0.337477770736328	-0.0956193622554125	-0.137825672139212	-0.277138000178335	-0.372847835466688	0.235740943430052	-0.26562820947667	-0.281538425097529	0.0767855441185867	1.1115159613847	2.06594469563211	0.0225091172767091	-0.140562123599928	-0.353168519173632	0.295423257240064	-0.321386974735485	-1.24031942924065	-1.30510351802757	-3.42290508783185	-0.132744819806502	-0.350505093402676	-0.403094450612305	-0.544416935785971
"2"	-0.877750408073819	-0.643782100974499	-0.217569168606577	-0.0989275537412009	-0.26995601997801	-0.45417262334445	-0.315733139799077	-0.176230583757376	-0.0975566516025914	0.142909969674024	-0.151657303960052	-0.3332147486104	-0.602015852541983	-0.0416891739153686	-0.134878165802285	-0.23103300631246	0.530044730696426	0.0667259088535372	1.98663250434031	-0.931092430557954	-2.11529685040742	-0.216617604544869	-0.202508414612619	-0.572226086519913	-0.289801671396574
"3"	1.19723369927114	-0.396215047774217	0.334445258791511	0.0725629949051496	0.148879686365003	0.473937612842516	0.500961768411428	0.342825358844408	0.394578401549558	-0.230052256709649	0.114824186735821	1.72730227291087	3.1957054970622	0.0350080467978935	0.188501249943558	0.313536948454448	-0.38433617266211	0.0618892414250514	-0.50746207937777	3.28255582940242	10.0361292239875	-0.172067708990838	0.753435926053788	0.483032415779509	-0.358388954738935
"4"	3.53396245932918	4.31782862877076	-0.474926565852303	0.104069308224683	1.20500970865709	-4.18347528644961	-2.05110014403404	-1.24658040757415	-1.1650062321623	-0.202832068129424	-2.52844006104883	2.04687908839928	4.54202244102667	-0.883801556042495	-2.06328363179004	0.52163891901559	0.530134084527261	-0.870326785707626	-2.14304261898557	2.92253625258596	10.2633969552568	-1.71832927533694	-0.474026946354169	0.427824121722046	-1.00087832273092
"5"	1.24198579678886	-0.288547615166553	0.499813350365806	0.145934201746789	0.133114440718935	0.527784455718605	0.618289369764448	0.376673651874895	0.458906229680953	0.0947193596006182	0.11760366070089	0.991976152385696	0.763461523876908	0.0446996326492615	0.280266085846518	0.41492948564152	-0.370585803785332	0.260921817148173	0.970021323264774	3.78043796941129	9.33404344355155	0.263472401972297	0.795363134135576	0.644574787994992	0.417140434766466
"6"	3.71848394738126	-0.765293511740077	0.542116375264203	-0.0546045841773328	-0.196953192202928	0.239682512145996	0.0422038026326681	-0.296496852606004	-0.264149274479953	0.355902476982295	-0.111813732858185	-0.175409325556661	-0.574831937645612	-0.0566749784993181	-0.136366082798	-0.0433460824821723	0.3118512159897	0.102570125841479	2.15069821216732	0.48605743777768	1.50981425407523	-0.0749584466735971	0.284184654037793	-0.384938637097447	-0.104719140357803
"7"	1.2682770290697	-0.721452158225706	0.512713626232274	0.0660045450264541	0.0462053066938153	0.442769176100883	0.401833959395578	0.0961594292747256	0.0164098309074312	0.349441241340901	-0.03592488516085	0.183743798470526	0.0963712380058981	-0.0488458221883525	0.158942863018547	0.281881865037183	-0.195656456130588	0.263456553063741	2.27307112368256	1.19857034727529	3.74743736763029	0.293893537390035	0.380771422273137	-0.273242430276309	0.567368928194698
"8"	0.551688658042301	-0.41377924514954	-0.0679080779105015	0.152558778580716	0.266387083137588	0.391048352691576	0.481815047959845	0.359912003141476	0.482777837151726	-0.0614903550892603	0.0968196155616994	1.62719510212385	2.39319639076972	0.0276192829154596	0.217690297564694	0.372628330556294	-0.288108663369638	0.0955495028939239	0.744368212774221	4.13442919602773	10.9447435714615	-0.110083733482796	0.95143944437767	0.697377032051163	-0.14116553890667
"9"	3.18188166649116	-0.526909374801183	0.413099260085707	0.105461387460248	0.0581062925018521	0.393163289646403	0.545503242794541	0.197285384645943	0.166883938108272	0.141486499093701	0.0142519427380332	0.451431435391927	-0.0236296006053152	-0.00191173864293859	0.177709464362701	0.291687438520944	-0.444195339252192	0.28434053590591	1.91567859987833	1.90378082963454	5.42320010358097	0.177585398874389	0.863151150943653	0.347401136719102	0.316034326713776
"10"	-1.01170668925105	0.555058048914022	-0.482598369052003	-0.110878803060144	-0.212606987360368	-0.820907731593841	-0.441633185201736	-0.26371443610419	-0.354137919203603	-0.0449323186285473	-0.373315827751634	-0.768171036088785	-0.244591893997028	-0.219598607957008	-0.450582756111392	-0.498864276238148	0.618360309268141	-0.507108849068054	-1.24255744331549	-1.41547940367919	-2.9767080682104	-0.295863845421302	-0.314901447779957	-0.568071818452205	-0.328401094933488
"11"	-1.90713366498187	0.65101805617516	-0.321994899256857	-0.0625021199965727	-0.262696908489011	-0.486103482517025	-0.246484269092589	-0.179033379027005	0.109509530874843	0.16055304521342	-0.0175604190639076	-0.588275439073171	0.491288205959654	0.0648621033826764	-0.119792576874833	-0.200655984957908	0.419000281185352	-0.0538059945726665	-0.165538813572226	-1.10393977491165	-2.9624917238846	0.11363065675718	-0.377187632461637	0.311797731469302	0.327794564070804
"12"	-1.64288602959641	0.794653397020491	0.339926674817234	0.0199628962552327	-0.00754978854632427	0.37956889436833	0.394107601213069	0.296273061900935	0.3119800938158	-0.216923593986838	0.175055780275711	1.57016318872376	1.29941223081769	0.0783305405575341	0.0609832686513103	0.17422001259171	-0.278965828421906	-0.0851243429013375	-0.740733561188081	0.216507477171706	0.821074726145569	0.0672539026063399	-0.265774421300689	0.292917894621723	-0.295139541606217
"13"	1.32616088155003	-0.548875665691454	0.567159490328838	-0.0811161456978953	-0.0861520383753374	0.398070618603289	0.461432373579599	0.053566078370989	-0.0278917286531313	0.108890254262494	-0.0794653331035953	0.141098868029912	0.109383117949125	-0.078347712890579	0.0182606096268358	-0.179283054351216	0.0274734806173842	0.130747263189455	1.58139371348514	0.746559493677686	1.6258260467543	-0.135887749846881	0.224975097824569	-0.490522276156499	-0.104211345367659
"14"	1.95227053452622	-0.749484753519596	0.525257403944177	-0.0354591695377808	-0.0752493161943766	0.399313222820693	0.452394030955683	-0.173721213236992	-0.0184227506689578	0.342222992516498	-0.0808357651961682	0.265535760159354	-0.227764926200012	-0.0796391892880184	0.0855908104880898	0.183687662742701	-0.165812026970881	0.191050615606202	2.05357093784424	0.722169465329172	1.90073644805538	0.177825451042808	0.352915485575641	-0.436498681522193	0.306405013572223
"15"	-1.13026168843597	0.492900851193071	-0.176683867046327	0.0290315893368724	0.104732907361567	-0.247733904957063	-0.131114896332571	-0.0331739632659858	0.154589348317649	0.125261647357906	0.0126046114822698	-0.509644750520223	0.359381078042857	0.0914515767981881	-0.000167281433620659	0.00137287151779386	0.148627991336237	0.116089808828322	0.0646504538319639	-1.03732515911338	-2.30024151351854	0.19783150813623	-0.294641367621004	0.480788027201767	0.553332111863666
"16"	-1.47307994003323	-0.312978688078646	0.403151721972129	-0.0212450696645241	-0.180369992586803	0.245186897956337	0.341143817368784	-0.109398068942242	0.242876533126029	0.0354399436547435	0.0836567372929995	-0.0969197994700048	0.96310380286425	0.106368194444849	0.0156898866478401	-0.279529792605327	0.056042184552925	0.249926683741388	2.34732906401464	-1.05196060894567	-2.47025631952775	0.270487178605805	-0.266231900912424	0.190235846772857	0.332969928583284
"17"	0.720256972998476	-0.419754638716926	0.696619542739014	-0.038441514136309	-0.0481627386304389	0.54527277411656	0.465510954515862	0.23849627616957	0.0904549323400954	-0.0133642904518751	-0.0269566510380934	1.54897570589523	2.40099693298404	-0.0522379047139108	0.184254452807336	0.274473732164075	-0.45153779176396	0.0445847286366092	0.650623564428216	-0.540518775279761	-1.11053280638605	0.163515565971287	0.230821805781073	-0.450809969093357	-0.491546764379212
"18"	-2.19073513118591	0.964592225490812	-0.377772853488723	-0.0886484312489846	-0.184591613624424	-0.30771696070519	-0.168398982964354	-0.208370763171401	-0.26347028450711	-0.241638967398652	0.0795111568629974	-0.427982206178178	-0.402130138854303	0.0931735775695355	-0.138177533425339	-0.153655183054064	0.384633560440112	-0.20905548379918	-0.850470035200513	-1.28739523595638	-3.14723927390887	0.115961208856755	-0.515712229803748	-0.273294865656215	-0.153476136274477
"19"	1.09960604189573	-0.349828714774101	0.147250857838316	0.056949222554995	-0.127228527788054	0.261910711903324	0.463643417418955	0.352827039615712	0.440698837865917	0.206282038313353	0.0706766868178681	0.953644541472136	0.273987417123941	-0.0130610709526282	0.098905085743958	0.223168654253509	-0.177400497343264	0.0935812273502785	0.911886911670102	3.41582164985402	9.49719364565529	0.128331060432812	0.623142938951227	0.49226876672841	0.233757109280542
"20"	-1.93131433911699	-0.213121539786226	0.19336035322253	-0.021115156138932	-0.454918011874007	0.241213849946662	0.306029938822798	0.255034276581594	0.385415900068355	-0.137965498623664	0.0519376817050494	0.661755440910411	0.33626236712299	0.068735553783311	0.0272171300934883	-0.0480958061868739	-0.261411253420088	0.22790242674716	2.23217953365465	-0.736553181056588	-2.23041112528816	0.178808867605778	-0.39723884577761	0.30698252180255	0.143484128484996
