" CD4"	" CD73"	" TCF1"	" CD127"	" CD226"	"TIGIT"	" Tox"	" Ki67"	" CD3"	" CTLA-4"	" PD1"	" T-bet"	" Tim3"	" IgG4"	" CD28"	" Eomes"	" CD39"	" dump"	" CD8"	" CD27"	" CD38"	" FoxP3"	"CD45RA"	" CXCR5"	" CCR7"
"5"	4.36196635442954	6.06828295865465	6.42548369472985	5.25013734557594	6.42160218398678	4.44517176300036	4.18985149620185	5.88506331664569	7.44275343459718	4.80158124146952	3.96891395952999	4.83850471885103	3.77366782090872	3.88812000132639	6.63859744409824	4.36270256819475	5.68225977606482	4.09147161461725	6.98249157559541	6.00602151245738	3.92381968545578	2.69309925779575	5.84716527321134	2.66757189794449	3.7339741024409
"9"	4.10909726564232	5.76592955111008	6.31781407296056	5.16542517262192	6.28628412338888	4.38560436538616	4.12585668339816	5.86092323974352	7.41352389003641	4.818058149268	3.9359051560662	4.76422109650676	3.52729697202269	3.89375873797531	6.47492917916417	4.44810975178875	5.5102509590996	4.16988835606335	6.87582389317347	5.92357625463409	3.74643280260796	2.96245514575458	5.74614579661643	2.76521983511103	3.67877716335935
"19"	4.21893341278673	5.89648444010309	6.35527729536143	5.24192331830808	6.29233014518887	4.2896666357028	4.303650329064	5.44979463190549	7.29773939797476	4.80924028012906	3.68699344892512	4.70705905264251	3.60840394924311	3.90395419469334	6.58162199438721	4.42553344769395	5.6240011711328	4.13148739971023	6.80668677589434	3.44646208600411	3.61234675153306	2.01187925886133	5.46649920830313	3.6162920116991	3.88023048591509
"3"	3.85715153459853	5.49530644002335	6.27996443403984	5.09907413883759	6.27183006417296	4.44196586141239	4.01733060811942	6.01803965893975	7.56411460640975	4.8256929636059	3.80280291472599	4.59581432878532	3.80079692877626	3.80338122279863	6.51386170918818	4.5623379100585	5.48481185425181	3.97523252861181	6.79372966865383	6.37412750936318	3.54160554253414	1.78729506822985	5.78233846711021	1.42490658594917	3.70469144735309
"7"	4.09708844626749	5.34378896799504	6.14186980610914	5.41379607803661	6.23414863121603	4.47108842951272	4.27121747675025	5.78017538776758	7.62443133317667	4.583828612466	4.03554590662114	4.88232039079232	3.32308070578539	3.93245683082747	6.25159783476666	4.67386860792499	5.51880266218874	4.0821947072582	6.89237283377051	5.97192033060013	3.41902409041844	1.08745001046851	5.68559345204666	2.61118543710377	3.72831752351915
"1"	4.87005960785038	6.7601161181628	3.64804856462615	2.49323801506638	4.01850813562774	2.42768916896436	2.29420253356176	4.92033730850267	6.41028915683551	3.85586258304239	3.21618159339159	4.36467055533593	1.02129676728397	3.90578287044312	6.6885127290768	4.3290669283798	6.0074805080955	5.24164135417459	1.51053465502649	3.68687705545499	5.66807322446825	2.92688898044585	7.90025304705512	6.50540922424634	5.28370747512993
"14"	3.05900341046202	3.73008267916973	6.35520440230834	5.03274142048305	6.18240056344918	4.3806579638407	4.02849945206931	5.9397792683915	7.47832875871222	4.83753204747119	3.70474646506479	4.33928918453345	3.62841653307276	3.80073147420074	6.31390441102231	4.35118489049947	5.29241489154931	3.98258010652814	6.70439201995536	6.23014737596945	3.43036793272844	1.665317334951	5.29670913793665	2.98738771647527	0.24334214193597
"15"	1.41130258470817	3.04605184708901	5.03000141265496	3.4243123656239	6.41400666698076	4.32228567814768	3.29145828265945	5.85521561313554	7.34127412471142	5.38629798550181	3.68066392935672	4.91047746352448	3.85042898902991	3.19653018862989	6.09563690202565	4.58309378795626	5.89979871874154	4.14166862795264	6.13700924545863	5.59538583955182	3.76829105089151	5.25280864047879	4.4823976099415	2.99014556920608	3.47475322329722
"18"	1.66286198928922	3.1727498550984	6.41101349010619	5.03990989414662	6.22431569022259	4.52657883925835	4.06253283092025	5.76356171810865	7.28122786737805	4.86087008874962	3.92102975872953	4.42451448751297	3.52851546521568	3.76227094156605	6.1890525490908	4.29915035029835	5.44173840446071	4.00950158412757	6.77339188474371	5.66156423965806	3.68772070639215	2.12875150142061	5.05335513171154	3.26402029639288	3.48775635624525
"20"	0.205174653679586	3.4393478155247	6.35538170278319	5.00734069048868	6.10313473460353	4.49028346914472	4.0657372749742	5.37389071270494	7.29250514677778	4.85361413755779	3.5621304931748	4.41763962754431	3.54558124822712	3.82365203866706	6.41153817294167	4.34839922817705	5.35775231612103	4.13256778621372	6.56982277936227	3.92932277659888	3.46219926538691	2.59779431213852	4.88048063344291	3.8748338123201	3.33393209249519
"8"	2.96957233537444	0.074684841354845	6.17088297544108	4.88008341474922	6.08620684558638	4.44027829224525	3.83130669080649	5.87529951445842	7.53417640963699	4.77163838768474	3.70495457166886	4.50044427337662	3.45079550467822	3.72931519827784	6.22531756773937	4.6523087685187	5.34241885447684	3.89984307546362	6.48333733399369	6.23753480601314	3.13394562445296	2.06612338728831	5.24626130652394	2.12926560352979	3.78324354174092
"10"	3.04071503358378	3.07706043734559	6.33172729397066	4.9295062290754	5.99472911411048	4.43490465547943	3.93361958808252	5.77408008113707	7.5042318855975	4.89962355509993	3.50582456071207	4.16510486211391	3.4696274084969	3.68925929191106	6.37063261105156	4.34575598107331	5.09950181482415	3.90850694465158	6.51587778436609	5.92939725103657	2.74174422266769	2.75346626144194	4.88125872219988	3.26657459030548	3.97454650449949
"16"	2.76251209658844	2.8579454938328	6.35905758644775	4.93661177839663	6.11722118668058	4.47769490314666	3.92428084799964	5.86755772089786	7.47356178753185	4.90042026813587	3.63914832479992	4.19902130665654	3.59836263738164	3.6543520795639	6.44695668960569	4.32246143264867	5.37425465850754	3.87213756417982	6.62015935544406	5.98132309273917	3.39212746217015	1.86371194804446	4.95772792531055	3.00678283911089	3.60979320382669
