" CD4"	" CD73"	" TCF1"	" CD127"	" CD226"	"TIGIT"	" Tox"	" Ki67"	" CD3"	" CTLA-4"	" PD1"	" T-bet"	" Tim3"	" IgG4"	" CD28"	" Eomes"	" CD39"	" dump"	" CD8"	" CD27"	" CD38"	" FoxP3"	"CD45RA"	" CXCR5"	" CCR7"
"5"	0.953319114787218	1.10588010400269	0.5	0.5	0.5	0.5	0.514326180528558	0.5	0.5	0.5	0.568391148335905	0.610008160566409	0.764283023509574	0.5	0.554871243309126	0.623014590846521	0.5	0.790050629911232	0.5	0.702216128519768	0.601204259860674	1.25610892278136	0.945544187618	1.76078819759837	0.864419565440135
"9"	1.13127614618028	1.39630204618205	0.5	0.509002952522438	0.5	0.5	0.565141730071869	0.5	0.5	0.5	0.69759522414895	0.688267286649079	0.848104670301455	0.5	0.618521548269571	0.590464693315238	0.5	0.774453245954189	0.5	0.931664334251706	0.69820447053351	1.26476157358255	1.13808534925334	1.53208773557963	0.965527369456025
"19"	1.1474515881387	1.10067046519725	0.5	0.53137980097608	0.5	0.610361533885636	0.511442878393857	0.501467639568149	0.558791931206583	0.5	0.76291232532162	0.54842872759863	0.807993565710207	0.504156179316599	0.550105191495155	0.5	0.5	0.745772499953726	0.567589792303382	0.988824193832293	0.983181386279319	5.29327791842914	1.15625713163605	0.520592257687893	0.808820393447792
"3"	1.21470367081533	1.62884207482482	0.5	0.559982713377546	0.5	0.535867284818918	0.594455324091231	0.5	0.5	0.5	0.584701998244979	0.830633627447149	0.812097135530823	0.5	0.56602010140174	0.611006789204762	0.5	0.731132344972869	0.5	0.615773808965884	0.875790570148464	5.60476503307493	1.18993092367695	4.91904973788219	1.37283103189274
"7"	1.02935234787156	1.72334385938645	0.5	0.731635803016308	0.5	0.555055119312081	0.654365533686034	0.534673429933395	0.5	0.5	0.692740728347538	0.823335997116476	1.04536981802677	0.5	0.670626087715821	0.700053809056481	0.586236807721416	0.941643409243378	0.567637136079712	1.02287339575002	2.13507383259336	5.95882269345744	0.833859417967239	1.63686227568347	1.15207849741463
"1"	0.921442580296789	0.535719228456354	2.30413122899194	4.91813138160795	1.02860915651453	4.90545653413028	2.35294949037081	0.855569218134068	0.5	0.628208676794575	1.17375846647545	0.547681649154352	4.6288251826577	0.5	0.5	0.5	0.695868673388499	0.612999815333175	3.62317303140561	1.57725429577914	0.859408158948594	2.78300367387052	0.528433593922482	0.5	0.716924720677679
"14"	2.7197884421281	3.10641257025189	0.5	0.535752605286183	0.5	0.559448608955151	0.586770029612468	0.5	0.5	0.5	0.683868711423402	1.030855356008	0.723146097231283	0.5	0.583352674156301	0.544101179554195	0.556210274986331	0.723947397276954	0.5	0.668442266382523	1.02022193051863	5.30788105008356	1.17843993877997	1.70587614687403	7.32890848723572
"15"	6.75811683874221	6.57777432122313	0.986423656218316	1.03016252935596	0.5	0.537449776347635	2.2912517372712	0.530500278309368	0.5	0.873145672847993	0.605957442768616	1.07427931366396	0.54407746964842	0.822865259267071	0.642345507850189	0.5	0.630187477241322	0.776441381867043	0.507443141047607	1.10440847150154	0.922795140232588	2.67867938204354	0.524022453163058	0.797598250640177	5.12404265575229
"18"	5.78641020649066	1.05298453108893	0.5	0.554630542707974	0.5	0.5	0.520747245267943	0.5	0.5	0.5	0.665982324170245	0.761547345154432	0.839438092648861	0.504092080614348	0.576339008135919	0.523687679760952	0.555063117449826	0.760406020551316	0.5	1.07581000752633	0.755305630445406	5.33380651711376	0.70975090133137	1.09529839170099	1.12996428466761
"20"	5.57349572698235	0.904948761109854	0.5	0.617950449858907	0.5	0.516664320302755	0.530775344262204	0.532737004210926	0.525679326715339	0.5	0.821185395599666	0.579415529909147	0.917423619700262	0.5	0.5	0.532646520357559	0.562454430899876	0.685597104135848	0.669238397909275	0.707226166270234	1.33536366269179	4.71545673054583	0.524925502250067	0.5	3.28289882544404
"8"	2.0507326941103	7.53728613621542	0.5	0.955022276151056	0.504027080371498	0.570777421516181	0.836285217467546	0.512068589402718	0.5	0.5	0.82114196824007	0.878268471333531	1.05510123214355	0.506903395589263	0.685218439241693	0.665293438010078	0.804645256563175	0.909991540021371	0.754713930305114	0.896571633513881	2.45720368156419	6.02923191026445	1.36071884618414	4.61707233773371	2.84359895896822
"10"	1.42543617193916	1.2577208357433	0.5	0.562848151619956	0.5	0.5	0.57773372962084	0.5	0.5	0.5	0.690736171043	0.685505973595585	0.864054330619445	0.51482853003013	0.534255243219521	0.533814588007851	0.660901774163125	0.765976698639863	0.547439745501801	1.04091737618702	5.4730622592366	3.10110245541487	0.659989315769792	1.10781109316181	1.40642210154383
"16"	1.35968227219325	1.17166449697271	0.5	0.635501135258352	0.5	0.5	0.569164648021735	0.5	0.5	0.5	0.696911133317976	0.744421537252127	0.898562933315509	0.50073430433501	0.502160326862532	0.5	0.583074084614449	0.733333570091065	0.546684408703415	0.863604572342476	0.970730204405333	5.47600993039445	0.569862713311794	1.46616700105277	1.50816799433808
