" TCF1"	" CD226"	" CD127"	" Ki67"	" CTLA-4"	"TIGIT"	" Tox"	" Tim3"	" CD3"	" CD8"	" PD1"	" T-bet"	" Eomes"	" IgG4"	" CD39"	" dump"	" CD28"	" FoxP3"	" CD27"	"CD45RA"	" CD4"	" CXCR5"	" CD38"	" CCR7"	" CD73"
"6"	0.5	0.5	0.5	0.5	0.5	0.5	0.5	0.655921430894014	0.5	0.5	0.63212193680408	0.5	0.5	0.5	0.5	0.68294693701019	0.5	1.51229482632881	0.836990751046453	1.04105195834453	0.54987145608296	0.765972958723123	0.604633775699497	1.21079041597589	0.5
"3"	0.5	0.5	0.5	0.5	0.5	0.5	0.556912202134916	0.671319226188243	0.5	0.5	0.52083064645996	0.532796790959416	0.612960066021371	0.5	0.5	0.706023936189166	0.5	1.45786249494671	0.773735491970189	0.864758568425983	0.603252598619426	1.14068281083133	0.765199584332557	2.87264859924658	0.56120469939922
"14"	0.5	0.5	0.5	0.5	0.5	0.5	0.5	0.685131055785985	0.5	0.5	0.571107019979225	0.571396600092945	0.568801806899833	0.5	0.5	0.709593038903182	0.5	1.50501433553868	1.02088984680747	0.9740207450042	0.803036853442659	0.785420454525551	0.614408152263502	0.944407395561704	0.699432980860418
"19"	1.77608559442623	1.01012551437325	1.42583666636609	0.86588441570444	0.593656493426753	1.41799398218323	0.860724585614429	0.952328499714586	0.5	0.767987634217932	0.844146629682078	0.523330483227712	0.5	0.5	0.717939093352156	0.686068754788178	0.5	1.39600687121722	1.28461730305997	0.5	0.8798004263221	0.5	0.936827455123186	0.843391522495686	0.539154955356399
"10"	0.5	0.5	0.5	0.5	0.5	0.542901815569949	0.535217355719783	0.795270111348047	0.5	0.5	0.566097471151833	0.695748151219229	0.726375419799347	0.5	0.5	0.800910991468091	0.55564804950041	1.6326672568298	0.547166847710925	0.98885681126057	1.2742462354619	0.985747885969535	0.877212858858793	2.63697011953813	1.37764311195188
"12"	0.5	0.5	0.524054831649444	0.5	0.5	0.530716475241462	0.645815234206548	0.807156572786081	0.5	0.5	0.534529484734735	0.626998007769538	0.772286885104364	0.5	0.5	0.766281039588393	0.746951938820859	1.48344520011208	0.734152280742051	0.602023095282348	1.34017091088487	0.955597124980684	1.02287459922288	2.5702346490847	2.31165672683191
"2"	0.5	0.5	0.585364793068981	0.5	0.5	0.5	0.595115660135615	0.894000856639008	0.5	0.5	0.686909250276239	0.881371449728614	0.986160407288049	0.5	0.614870354337586	0.810135666288369	0.601266235619134	1.47871030471703	0.675219524180214	0.96099113102389	1.6659190789402	1.21892918870799	1.59777363022282	3.31242991738879	3.35145495470429
"5"	0.5	0.5	0.539380273299703	0.5	0.5	0.5	0.625178905981457	0.764772296713464	0.5	0.5	0.573746509685917	0.880074046859562	0.771176542648942	0.524050137958839	0.500084623884969	0.722423933500462	0.5	1.57983182329081	0.57348635456378	0.997768915974898	1.95790124480513	1.04205074084228	1.2861650271824	2.78634289555412	3.3999701668963
"9"	0.5	0.5	0.5	0.5	0.5	0.5	0.561683609643639	0.819781203014242	0.5	0.5	0.505322699400216	0.827511051513936	0.737763088612261	0.5	0.5	0.795284435223205	0.537266634611201	1.59620777491992	0.5	0.714773847456035	1.4624923970338	1.01050803757436	1.06900064719656	2.54320401885197	3.23249426671533
"17"	0.5	0.5	0.5	0.5	0.5	0.5	0.507696294687492	0.717414944312261	0.5	0.5	0.532123083714172	0.741494907873995	0.503580838925351	0.5	0.5	0.772499638613305	0.537047832889663	1.45795335388631	3.91369202575143	0.749417921635258	1.4679298553289	0.924471928256525	0.534170043161658	1.14116590946414	1.95567185904631
"11"	0.5	0.5	0.623167391413811	0.5	0.5	0.5	0.537926383353463	0.744111481080367	0.5	0.5	0.539946431233624	0.745808133697727	0.5	0.5	0.663395931008975	0.599659078245272	0.5	1.50461407695434	0.523994344913089	0.5	1.87137114379955	0.862687591848573	1.00499601976841	2.87355621844964	2.70730709450097
"16"	0.5	0.5	0.666477546849815	0.5	0.5	0.5	0.5	0.656532307096391	0.5	0.5	0.554342049389805	0.855269396009832	0.5	0.5	0.581068778286759	0.761955893112659	0.5	1.27940083746781	0.717258747097612	0.668179325305072	1.79717073793984	0.86861858690887	1.04145990328551	2.85524832413007	1.9807562235964
"15"	0.5	0.5	0.50196945111329	0.5	0.5	0.520497327919602	0.52725018779326	0.63520519939117	0.5	0.5	0.5	0.716270742385462	0.52275305204344	0.5	0.525441948587996	0.710650533686229	0.5	1.45637499024273	0.818904681024278	0.643498098607806	1.88513399711419	0.890689077154536	0.828102251661933	2.61082900606617	3.49369010745316
"1"	0.5	0.5	0.780021245947014	0.520115006106916	0.5	0.552773884485814	0.617758537978808	0.748916363649889	0.5	1.19127815535031	0.740711109660029	0.737122429136599	0.553851235939045	0.5	0.650002323209738	0.706454832808626	0.5	1.56533990819553	2.39265791250107	0.61279346070503	2.05304488625417	0.849191889300492	1.98073111759921	2.95757744258291	1.55586506013068
"4"	0.5	0.5	0.656254868999004	0.5	0.5	0.5	0.5	0.625113962217606	0.5	0.652958952746448	0.615779403639758	0.745183388110445	0.5	0.5	0.56624183542865	0.651014890926994	0.5	1.48144560308426	0.751194753616069	0.528442634073869	1.9361506868284	0.819232761981025	1.22791915198735	2.83212926508049	1.89235676405687
"8"	0.5	0.5	0.512999314762875	0.5	0.5	0.5	0.5	0.692486296348663	0.5	0.5	0.525030248956716	0.708633270121224	0.5	0.5	0.534140155206737	0.639325428205506	0.5	1.43105519514598	0.867476121802617	0.514820585986871	1.83806607059099	0.837179692773899	0.981602301166341	2.88467109153991	1.60001329911382
"13"	0.649613875439169	0.552768120420762	0.830635510929701	0.5	0.5	0.633158363300886	0.648770342767701	0.851722184274613	0.5	0.65402445145759	0.65791314816086	0.605691547762447	0.512711416246443	0.5	0.601121495449992	0.704388180276449	0.5	1.41008132291755	4.5539654432707	0.533679429876275	1.72850610702077	0.513867012965376	1.32439250913286	3.04842946941035	1.8169424254264
"7"	0.5	0.548801565217901	1.22292268484451	0.567410228152381	0.5	0.565444946024398	0.577141517087421	0.723170522107904	0.5	1.83995282583138	0.903036910430827	0.678287878215253	0.5	0.5	0.887237430337979	0.646866990328864	0.5	1.40831203181323	3.14615445523151	0.587853201311941	1.68410500806337	0.535947952236086	1.67003519982827	2.80028541061657	0.966716121945027
"20"	0.5	0.5	0.5	0.5	0.5	0.51454385473974	0.512370897229429	0.67453639738127	0.5	0.5	0.5	0.700021469545673	0.5	0.5	0.56110720951254	0.736855465417344	0.51100452947194	1.32099989589117	2.61047420703805	0.852326502497823	1.49120695402022	0.773458898837484	0.663071396114233	1.47890523096092	1.90575583253926
"18"	0.949833527565231	0.565731960737073	1.13086306287681	0.592503137774596	0.704381813120243	0.740115702777129	0.683415994301947	0.901351697312156	0.5	1.12987109052249	0.61781117139728	0.734145068477457	0.611695698378834	0.5	0.704070658727365	0.718427230275266	0.697644338857057	1.44626923120971	3.80275145008402	0.978027825496342	1.28364335953401	0.758820910367626	1.45615170225166	2.47391643685515	1.46461759426948
