"CD45RA"	" CXCR5"	" PD1"	" IgG4"	" dump"	" CD8"	" CD127"	" Tox"	" Tim3"	" Eomes"	" TCF1"	" CD38"	" CCR7"	" CTLA-4"	" CD226"	" CD39"	" FoxP3"	" Ki67"	" CD27"	" CD4"	" CD73"	"TIGIT"	" T-bet"	" CD28"	" CD3"
"1"	-0.97722444170495	0.78114489247442	0.221246983364725	-0.0415235789823778	0.25862912864186	0.227706626676715	-0.188789376917616	-0.126411605742762	-0.21205100210355	-0.209573708025223	0.012073459001618	1.76621569892117	6.90765049500013	0.0855063967868039	0.0190444464325354	0.0652810981977372	4.54848595633079	-0.0350744372146421	-0.553479028374606	-3.62038004231401	-7.97142287853072	0.234570883395996	-0.125024197127712	-0.221567059039437	-0.185543331319141
"2"	-2.00500659851283	3.61195008287573	-0.232051716382169	0.0149966649237894	0.174112363933405	-0.224557460056584	0.225402949623335	0.411452188435806	0.216803738327384	-0.272050874436493	0.117833096193968	1.76911445230629	8.68980851720219	0.0738006870619561	-0.0279386887172821	-0.193213410521587	0.111334056486957	-0.417723484375794	-2.66078720270484	-1.33401100742207	-4.99262353700547	0.260897408805365	-0.563953244586969	0.246748898872192	-0.240736281252843
"3"	-0.356005638511284	-0.249683581011808	-0.199392310400417	-0.0542817541091001	-0.315843416612313	-0.318581162494291	-0.128921863461751	-0.102352199222972	0.445434193688427	-0.152834592418023	-0.0472653124726747	-0.749765626380499	3.66054297134761	0.038670359568501	-0.102999535903076	-0.274199738276121	0.0630762641389715	0.183194077145018	2.02293440053997	-2.18058518433654	-2.97954144249601	-0.10646192024402	-0.512142480277953	-0.234763471166874	0.147029094988222
"4"	0.807377697244943	-1.18007432211837	0.51988483786902	0.0936943912835346	0.0435841515186524	0.482762159726969	0.5825386799663	0.533222676109891	0.629610499797892	-0.124692744979834	0.149409629964051	3.14168004353149	10.5671329765683	0.013436790317324	0.241492242636803	0.416180085491586	3.19621680063797	0.11510995045089	1.10867695813195	6.52791408849636	10.1697858626498	0.170675347265574	0.705347700957143	0.409225395974623	0.0733088611899344
"5"	3.78168174626753	6.19354953939354	-0.586319021361395	0.0977590389763963	1.48627090898081	-5.25387279428809	-2.5871012997073	-1.76122483980808	-2.55527616474693	-0.259693108922274	-2.6921473714662	2.69172154492986	11.8317080409566	-0.978790646598036	-2.20654341981894	0.553669037035839	1.90811707577268	-0.919967137851579	-2.25706521890058	7.1779180284127	19.0543712064082	-2.01726428451937	-0.662127328333355	0.487293500457801	-1.02995996968483
"6"	0.562250750061085	-1.02850742824218	0.228295736695424	0.100019854043861	0.25008892591963	0.384433363861019	0.503357353950653	0.359384041868541	-0.160233913921943	0.0570866693901273	0.0371859816844173	2.43209502783262	9.69339590788069	0.0106072134865709	0.0901052823381274	0.243845369796872	4.52309044002742	0.055402915309843	-0.65756914573991	6.66868307563972	10.7765345745592	-0.207579710767055	0.592543824944629	0.267935958178719	0.0522572441488585
"7"	1.00008389992673	-0.920304019787388	0.491246603306399	-0.0609994411978398	-0.223689880207615	0.322494474624637	0.186506693149538	-0.129066540025382	0.584552757887622	0.28163869762904	-0.0728219026522909	1.12982421851883	6.13810798759611	-0.0256468737053615	0.147518189669622	0.230427297002297	-1.31766183309274	0.348640030288673	2.54069130079926	5.51734085159789	8.0833921556182	0.129919366639264	0.229360329042263	-0.036173878627479	0.227555994802707
"8"	0.466204550006148	-0.564566166012979	0.175967457775807	0.0832467985798768	0.0310654021329766	0.0770816175568996	0.295761738416151	0.232554396243946	-0.221833913868289	0.30290624697629	-0.127546547109733	-0.212237104827083	1.12438299230933	-0.208451755943757	0.000371436992427476	0.081482201189131	-0.231941865428606	-0.00892783866434677	0.532985978778096	5.4499977486784	5.87588179207378	0.182383109870139	0.337474929639347	-0.0632452288664194	0.260903439857594
"9"	-0.723688618599978	-0.298577293436796	-0.184305654592754	-0.18764976855131	-0.164778721443497	-0.314307882626371	-0.284129015126157	-0.284217229717558	-0.221466297158813	0.103741002997036	-0.111980000380385	-0.188206711014255	2.20063174154529	0.0215941576126006	-0.20357549937721	-0.26880707218112	0.0765410757314093	-0.0685257731555131	0.600458330024998	-0.874882052324773	-8.26035742771666	0.0236783757323344	-0.0222941547197593	-0.164714704203494	0.17434323305345
"10"	-1.80824920280893	0.8704962701289	-0.193244014933143	-0.127404427108063	-0.354166384683047	-0.230124149374288	-0.343565269184299	-0.277003134515706	-0.237572327308236	-0.250496946445472	0.0559213044568594	-0.966053927857826	5.20267877774446	0.105250454090172	-0.132148841654602	-0.358440430642546	1.4006360357518	-0.0473279826616357	0.44145477401999	-1.09644740842779	-8.55861819083514	0.208922879794446	-0.514324916637359	0.266197361441737	0.1420334216431
"11"	0.0833207382169574	-1.51877260629745	-0.146496404342196	-0.103133127390933	-0.280457342446373	-0.313101309886858	-0.161754401833709	-0.24132578366832	-0.138737048145195	0.194614073263963	-0.173356951951674	-0.661716535958842	6.19681237157222	-0.0266656026291763	-0.26223227111593	-0.32869977716359	4.64452002394753	0.153388554573348	1.50408770760489	-0.967084188839458	-1.58590206439343	-0.0809905822051586	-0.169187342985762	-0.254374715849064	0.151873497802276
"12"	0.891953103642457	-1.172694077777	0.642138215074333	0.00722160308472475	-0.032819318795247	0.427468185506194	0.327215482909524	-0.225799157781471	0.517632798413913	0.0305719422440314	-0.0184886815114353	2.21259002610278	8.38765394586324	-0.0601861945031272	0.232617227484886	0.351967386301269	-1.23102037143287	0.238091316865587	2.31581941662695	6.6014427920528	9.55670089107704	0.129492103000047	0.441337052248252	0.0188987808279348	0.112184378029913
"13"	-1.52389497618826	1.37413965361519	0.223517487816842	-0.0514248289339561	-0.156203699938844	-0.213455477014482	0.30426806463833	0.363523464032552	-0.239601309803662	-0.217635156981828	0.147104540094993	1.57466197925143	6.50492273833961	0.0485812620975414	-0.0588951879122916	-0.274540440823719	0.359371949987826	-0.121289018200785	-0.428224590032497	-2.09383666020193	-8.75374473386946	0.21398978878146	-0.312896092308259	-0.405864018005885	-0.168570713942643
"14"	0.148339513934464	-0.787364079971785	-0.321703405677903	-1.6547712381243e-05	0.253799935274127	-0.245562814537665	0.216893304690572	-0.12881934231837	0.145653635314874	0.163192775080045	-0.0418050344069218	1.21208388642629	5.32685105843103	0.0484974313656039	-0.0229764396769259	-0.256316882691548	4.19092136543598	0.18051416058678	1.30001547866938	3.94076431249245	5.77168284776443	-0.0526402839430047	-0.00659464878205718	0.350949833625747	0.189434345498503
"15"	-0.702326211489039	1.0013831147674	0.102689836847796	-0.120008708405828	-0.173129823193782	-0.0195669878084956	-0.0865991577430201	-0.00297329594525486	0.0997965631966919	0.0179458708282683	-0.0194650974775552	0.87263238277706	7.02621157319744	-0.0128047856880622	0.132486892491184	0.223247608881011	-0.769531716708611	-0.0746396852085534	-0.651389756881014	-2.10057147221405	-7.15105884266413	0.211538073625942	0.0762547886913794	-0.287141382193791	-0.173069050750002
"16"	-0.296228065625701	0.603827227545113	-0.150404847589297	-0.0310753979197158	-0.103622805659299	0.203629211082912	0.295607984658051	0.265026802796627	0.191536339095434	-0.24354967649553	0.0717873264359952	1.12202320856543	0.63693937512402	0.00776880759839305	0.0245973226667555	-0.187779041047286	-0.559368397830093	0.0997707500423877	0.782419104928258	-1.57746913586122	-1.70047241057487	0.161084274666223	-0.189486597019674	-0.0917233439968219	0.0894191823976627
"17"	-0.693896728426631	3.07818060649199	-0.52719999726712	0.0704607617207023	0.275786685366814	-0.839190097756483	-0.102083732789135	0.0420917667886664	-0.139818615277973	0.16272366073486	-0.238686553904829	-3.00083130974541	-0.327820685367096	-0.148369770905673	-0.261629125184688	-0.233302856743817	3.1979621774367	-0.607228751258095	-2.53729950454646	-2.1133690364279	-6.30772884755467	-0.169810366860434	-0.354866161120228	0.203819947610233	0.00951123259866904
"18"	0.374411905297438	-0.226146813834776	0.264825747640848	0.050072486114499	0.11860794647356	0.287326947765849	0.23612953990672	0.0758790234433455	-0.278726164691649	0.143404136161055	-0.0278384537945584	0.711264854048059	6.34467603567684	-0.0368530566684742	-0.00632376758834408	-0.168989343339224	0.385475428004063	0.144331162848128	0.699934902703336	3.1117370869248	-2.42946601137636	0.000896128360442283	-0.105320300090995	-0.180213796623045	-0.0683607729266882
"19"	0.286812733872539	-0.776000818774054	-0.324048314286486	0.0244963887396854	-0.386600988002434	0.285489071124642	0.288044680110795	0.381627529106906	0.958337363418986	0.0257310264251895	0.0869510603531634	1.15636047901833	4.95825426287253	-0.0020046667424678	0.118838557289342	0.27864901182858	4.44500959951798	0.186575809346273	1.19622517627834	5.15377744338279	6.82579929518654	0.11618663421163	0.107973581176453	0.453542424296271	0.178826400084452
"20"	-0.782527353226278	0.597821984515522	-0.256392168494157	0.00170061668173282	-0.337687161213884	-0.269333779838999	-0.122017817968345	-0.326941459437523	0.649799634863784	-0.177593295285953	0.0793669086989004	-0.821488625546527	3.45874502608313	0.159736877450991	-0.116425860023144	-0.314572520998517	3.54939667786292	0.114577345201951	0.342708140840297	3.65263998848245	-5.65684430584127	0.21796863262353	-0.399456641941095	-0.353044876182212	0.139948723023124
